ni
51

nj
26

x_vals
4.13519200000000	3.61428900000000	3.16133100000000	2.76745400000000	2.42495200000000	2.12712400000000	1.86814300000000	1.64294300000000	1.44711600000000	1.27683200000000	1.12875900000000	1	0.888036000000000	0.777479000000000	0.669721000000000	0.566116000000000	0.467968000000000	0.376510000000000	0.292893000000000	0.218169000000000	0.153276000000000	0.0990310000000000	0.0561170000000000	0.0250720000000000	0.00628800000000000	0	0.00628800000000000	0.0250720000000000	0.0561170000000000	0.0990310000000000	0.153276000000000	0.218169000000000	0.292893000000000	0.376510000000000	0.467968000000000	0.566116000000000	0.669721000000000	0.777479000000000	0.888036000000000	1	1.12875900000000	1.27683200000000	1.44711600000000	1.64294300000000	1.86814300000000	2.12712400000000	2.42495200000000	2.76745400000000	3.16133100000000	3.61428900000000	4.13519200000000
4.13519200000000	3.63292800000000	3.19765800000000	2.81626400000000	2.48115100000000	2.18650800000000	1.92742500000000	1.69959500000000	1.49917200000000	1.32267600000000	1.16687100000000	1.02851200000000	0.903472000000000	0.785137000000000	0.672065000000000	0.564556000000000	0.463424000000000	0.369635000000000	0.284176000000000	0.207994000000000	0.141952000000000	0.0868150000000000	0.0432220000000000	0.0116840000000000	-0.00741600000000000	-0.0138130000000000	-0.00741600000000000	0.0116840000000000	0.0432220000000000	0.0868150000000000	0.141952000000000	0.207994000000000	0.284176000000000	0.369635000000000	0.463424000000000	0.564556000000000	0.672065000000000	0.785137000000000	0.903472000000000	1.02851200000000	1.16687100000000	1.32267600000000	1.49917200000000	1.69959500000000	1.92742500000000	2.18650800000000	2.48115100000000	2.81626400000000	3.19765800000000	3.63292800000000	4.13519200000000
4.13519200000000	3.64932100000000	3.22913000000000	2.85840000000000	2.52957900000000	2.23751700000000	1.97802900000000	1.74743000000000	1.54236000000000	1.35967600000000	1.19633100000000	1.04917800000000	0.914592000000000	0.788731000000000	0.669944000000000	0.558019000000000	0.453408000000000	0.356842000000000	0.269151000000000	0.191175000000000	0.123705000000000	0.0674490000000000	0.0230110000000000	-0.00911700000000000	-0.0285640000000000	-0.0350750000000000	-0.0285640000000000	-0.00911700000000000	0.0230110000000000	0.0674490000000000	0.123705000000000	0.191175000000000	0.269151000000000	0.356842000000000	0.453408000000000	0.558019000000000	0.669944000000000	0.788731000000000	0.914592000000000	1.04917800000000	1.19633100000000	1.35967600000000	1.54236000000000	1.74743000000000	1.97802900000000	2.23751700000000	2.52957900000000	2.85840000000000	3.22913000000000	3.64932100000000	4.13519200000000
4.13519200000000	3.66399000000000	3.25677100000000	2.89512200000000	2.57155000000000	2.28143000000000	2.02116600000000	1.78760700000000	1.57782700000000	1.38902500000000	1.21843300000000	1.06322100000000	0.920438000000000	0.787433000000000	0.662776000000000	0.546080000000000	0.437580000000000	0.337832000000000	0.247537000000000	0.167438000000000	0.0982570000000000	0.0406540000000000	-0.00479900000000000	-0.0376330000000000	-0.0574910000000000	-0.0641370000000000	-0.0574910000000000	-0.0376330000000000	-0.00479900000000000	0.0406540000000000	0.0982570000000000	0.167438000000000	0.247537000000000	0.337832000000000	0.437580000000000	0.546080000000000	0.662776000000000	0.787433000000000	0.920438000000000	1.06322100000000	1.21843300000000	1.38902500000000	1.57782700000000	1.78760700000000	2.02116600000000	2.28143000000000	2.57155000000000	2.89512200000000	3.25677100000000	3.66399000000000	4.13519200000000
4.13519200000000	3.67731200000000	3.28132800000000	2.92737400000000	2.60806600000000	2.31922700000000	2.05776600000000	1.82099400000000	1.60638800000000	1.41149000000000	1.23385700000000	1.07104200000000	0.920666000000000	0.780746000000000	0.650111000000000	0.528354000000000	0.415602000000000	0.312294000000000	0.219032000000000	0.136481000000000	0.0653050000000000	0.00612000000000000	-0.0405310000000000	-0.0742010000000000	-0.0945490000000000	-0.101357000000000	-0.0945490000000000	-0.0742010000000000	-0.0405310000000000	0.00612000000000000	0.0653050000000000	0.136481000000000	0.219032000000000	0.312294000000000	0.415602000000000	0.528354000000000	0.650111000000000	0.780746000000000	0.920666000000000	1.07104200000000	1.23385700000000	1.41149000000000	1.60638800000000	1.82099400000000	2.05776600000000	2.31922700000000	2.60806600000000	2.92737400000000	3.28132800000000	3.67731200000000	4.13519200000000
4.13519200000000	3.68955400000000	3.30335100000000	2.95586200000000	2.63988600000000	2.35165700000000	2.08852800000000	1.84823100000000	1.62861900000000	1.42757300000000	1.24298700000000	1.07279600000000	0.915085000000000	0.768324000000000	0.631575000000000	0.504484000000000	0.387135000000000	0.279899000000000	0.183311000000000	0.0979760000000000	0.0245120000000000	-0.0365000000000000	-0.0845440000000000	-0.119191000000000	-0.140115000000000	-0.147114000000000	-0.140115000000000	-0.119191000000000	-0.0845440000000000	-0.0365000000000000	0.0245120000000000	0.0979760000000000	0.183311000000000	0.279899000000000	0.387135000000000	0.504484000000000	0.631575000000000	0.768324000000000	0.915085000000000	1.07279600000000	1.24298700000000	1.42757300000000	1.62861900000000	1.84823100000000	2.08852800000000	2.35165700000000	2.63988600000000	2.95586200000000	3.30335100000000	3.68955400000000	4.13519200000000
4.13519200000000	3.70091200000000	3.32324100000000	2.98110700000000	2.66757600000000	2.37927500000000	2.11397100000000	1.86978200000000	1.64491700000000	1.43759100000000	1.24602700000000	1.06851600000000	0.903530000000000	0.749878000000000	0.606832000000000	0.474119000000000	0.351826000000000	0.240293000000000	0.140014000000000	0.0515560000000000	-0.0244990000000000	-0.0875950000000000	-0.137236000000000	-0.173010000000000	-0.194604000000000	-0.201825000000000	-0.194604000000000	-0.173010000000000	-0.137236000000000	-0.0875950000000000	-0.0244990000000000	0.0515560000000000	0.140014000000000	0.240293000000000	0.351826000000000	0.474119000000000	0.606832000000000	0.749878000000000	0.903530000000000	1.06851600000000	1.24602700000000	1.43759100000000	1.64491700000000	1.86978200000000	2.11397100000000	2.37927500000000	2.66757600000000	2.98110700000000	3.32324100000000	3.70091200000000	4.13519200000000
4.13519200000000	3.71152300000000	3.34128500000000	3.00348500000000	2.69154100000000	2.40247800000000	2.13445500000000	1.88595900000000	1.65553600000000	1.44172100000000	1.24305400000000	1.05815400000000	0.885814000000000	0.725126000000000	0.575547000000000	0.436898000000000	0.309300000000000	0.193091000000000	0.0887460000000000	-0.00318800000000000	-0.0821490000000000	-0.147599000000000	-0.199055000000000	-0.236115000000000	-0.258476000000000	-0.265951000000000	-0.258476000000000	-0.236115000000000	-0.199055000000000	-0.147599000000000	-0.0821490000000000	-0.00318800000000000	0.0887460000000000	0.193091000000000	0.309300000000000	0.436898000000000	0.575547000000000	0.725126000000000	0.885814000000000	1.05815400000000	1.24305400000000	1.44172100000000	1.65553600000000	1.88595900000000	2.13445500000000	2.40247800000000	2.69154100000000	3.00348500000000	3.34128500000000	3.71152300000000	4.13519200000000
4.13519200000000	3.72147900000000	3.35767600000000	3.02325200000000	2.71205600000000	2.42152800000000	2.15021000000000	1.89694600000000	1.66060400000000	1.44002600000000	1.23405000000000	1.04158900000000	0.861719000000000	0.693769000000000	0.537367000000000	0.392436000000000	0.259150000000000	0.137867000000000	0.0290650000000000	-0.0667140000000000	-0.148914000000000	-0.217001000000000	-0.270501000000000	-0.309016000000000	-0.332248000000000	-0.340013000000000	-0.332248000000000	-0.309016000000000	-0.270501000000000	-0.217001000000000	-0.148914000000000	-0.0667140000000000	0.0290650000000000	0.137867000000000	0.259150000000000	0.392436000000000	0.537367000000000	0.693769000000000	0.861719000000000	1.04158900000000	1.23405000000000	1.44002600000000	1.66060400000000	1.89694600000000	2.15021000000000	2.42152800000000	2.71205600000000	3.02325200000000	3.35767600000000	3.72147900000000	4.13519200000000
4.13519200000000	3.73083300000000	3.37253600000000	3.04056300000000	2.72928200000000	2.43656800000000	2.16135000000000	1.90281600000000	1.66014600000000	1.43247100000000	1.21890700000000	1.01863400000000	0.830976000000000	0.655470000000000	0.491905000000000	0.340309000000000	0.200923000000000	0.0741440000000000	-0.0395290000000000	-0.139541000000000	-0.225329000000000	-0.296355000000000	-0.352142000000000	-0.392291000000000	-0.416503000000000	-0.424595000000000	-0.416503000000000	-0.392291000000000	-0.352142000000000	-0.296355000000000	-0.225329000000000	-0.139541000000000	-0.0395290000000000	0.0741440000000000	0.200923000000000	0.340309000000000	0.491905000000000	0.655470000000000	0.830976000000000	1.01863400000000	1.21890700000000	1.43247100000000	1.66014600000000	1.90281600000000	2.16135000000000	2.43656800000000	2.72928200000000	3.04056300000000	3.37253600000000	3.73083300000000	4.13519200000000
4.13519200000000	3.73960700000000	3.38591700000000	3.05548300000000	2.74327700000000	2.44763700000000	2.16788400000000	1.90354100000000	1.65409000000000	1.41893400000000	1.19744300000000	0.989039000000000	0.793266000000000	0.609851000000000	0.438730000000000	0.280045000000000	0.134113000000000	0.00138600000000000	-0.117598000000000	-0.222256000000000	-0.312004000000000	-0.386289000000000	-0.444622000000000	-0.486594000000000	-0.511903000000000	-0.520360000000000	-0.511903000000000	-0.486594000000000	-0.444622000000000	-0.386289000000000	-0.312004000000000	-0.222256000000000	-0.117598000000000	0.00138600000000000	0.134113000000000	0.280045000000000	0.438730000000000	0.609851000000000	0.793266000000000	0.989039000000000	1.19744300000000	1.41893400000000	1.65409000000000	1.90354100000000	2.16788400000000	2.44763700000000	2.74327700000000	3.05548300000000	3.38591700000000	3.73960700000000	4.13519200000000
4.13519200000000	3.74778800000000	3.39781000000000	3.06799700000000	2.75400900000000	2.45468000000000	2.16972700000000	1.89900600000000	1.64228300000000	1.39921400000000	1.16940400000000	0.952490000000000	0.748215000000000	0.556477000000000	0.377358000000000	0.211113000000000	0.0581490000000000	-0.0810120000000000	-0.205779000000000	-0.315525000000000	-0.409632000000000	-0.487519000000000	-0.548673000000000	-0.592672000000000	-0.619202000000000	-0.628066000000000	-0.619202000000000	-0.592672000000000	-0.548673000000000	-0.487519000000000	-0.409632000000000	-0.315525000000000	-0.205779000000000	-0.0810120000000000	0.0581490000000000	0.211113000000000	0.377358000000000	0.556477000000000	0.748215000000000	0.952490000000000	1.16940400000000	1.39921400000000	1.64228300000000	1.89900600000000	2.16972700000000	2.45468000000000	2.75400900000000	3.06799700000000	3.39781000000000	3.74778800000000	4.13519200000000
4.13519200000000	3.75533200000000	3.40814800000000	3.07801400000000	2.76136000000000	2.45755000000000	2.16670800000000	1.88901200000000	1.62449500000000	1.37304300000000	1.13447200000000	0.908612000000000	0.695387000000000	0.494856000000000	0.307240000000000	0.132915000000000	-0.0276140000000000	-0.173740000000000	-0.304800000000000	-0.420111000000000	-0.519005000000000	-0.600860000000000	-0.665134000000000	-0.711378000000000	-0.739260000000000	-0.748577000000000	-0.739260000000000	-0.711378000000000	-0.665134000000000	-0.600860000000000	-0.519005000000000	-0.420111000000000	-0.304800000000000	-0.173740000000000	-0.0276140000000000	0.132915000000000	0.307240000000000	0.494856000000000	0.695387000000000	0.908612000000000	1.13447200000000	1.37304300000000	1.62449500000000	1.88901200000000	2.16670800000000	2.45755000000000	2.76136000000000	3.07801400000000	3.40814800000000	3.75533200000000	4.13519200000000
4.13519200000000	3.76216200000000	3.41680400000000	3.08536400000000	2.76512900000000	2.45602300000000	2.15858000000000	1.87328900000000	1.60042600000000	1.34008400000000	1.09226400000000	0.856969000000000	0.634286000000000	0.424428000000000	0.227755000000000	0.0447690000000000	-0.123911000000000	-0.277582000000000	-0.415493000000000	-0.536886000000000	-0.641030000000000	-0.727252000000000	-0.794964000000000	-0.843687000000000	-0.873066000000000	-0.882884000000000	-0.873066000000000	-0.843687000000000	-0.794964000000000	-0.727252000000000	-0.641030000000000	-0.536886000000000	-0.415493000000000	-0.277582000000000	-0.123911000000000	0.0447690000000000	0.227755000000000	0.424428000000000	0.634286000000000	0.856969000000000	1.09226400000000	1.34008400000000	1.60042600000000	1.87328900000000	2.15858000000000	2.45602300000000	2.76512900000000	3.08536400000000	3.41680400000000	3.76216200000000	4.13519200000000
4.13519200000000	3.76816300000000	3.42359000000000	3.08980600000000	2.76503600000000	2.44979700000000	2.14502800000000	1.85150600000000	1.56972400000000	1.29994900000000	1.04234100000000	0.797061000000000	0.564346000000000	0.344557000000000	0.138197000000000	-0.0540980000000000	-0.231583000000000	-0.393438000000000	-0.538811000000000	-0.666852000000000	-0.776751000000000	-0.867770000000000	-0.939268000000000	-0.990725000000000	-1.02175500000000	-1.03212500000000	-1.02175500000000	-0.990725000000000	-0.939268000000000	-0.867770000000000	-0.776751000000000	-0.666852000000000	-0.538811000000000	-0.393438000000000	-0.231583000000000	-0.0540980000000000	0.138197000000000	0.344557000000000	0.564346000000000	0.797061000000000	1.04234100000000	1.29994900000000	1.56972400000000	1.85150600000000	2.14502800000000	2.44979700000000	2.76503600000000	3.08980600000000	3.42359000000000	3.76816300000000	4.13519200000000
4.13519200000000	3.77318000000000	3.42825100000000	3.09102100000000	2.76073000000000	2.43850600000000	2.12568000000000	1.82328400000000	1.53198600000000	1.25219700000000	0.984211000000000	0.728326000000000	0.484926000000000	0.254519000000000	0.0377570000000000	-0.164576000000000	-0.351593000000000	-0.522345000000000	-0.675854000000000	-0.811165000000000	-0.927373000000000	-1.02366100000000	-1.09932300000000	-1.15378800000000	-1.18663900000000	-1.19761800000000	-1.18663900000000	-1.15378800000000	-1.09932300000000	-1.02366100000000	-0.927373000000000	-0.811165000000000	-0.675854000000000	-0.522345000000000	-0.351593000000000	-0.164576000000000	0.0377570000000000	0.254519000000000	0.484926000000000	0.728326000000000	0.984211000000000	1.25219700000000	1.53198600000000	1.82328400000000	2.12568000000000	2.43850600000000	2.76073000000000	3.09102100000000	3.42825100000000	3.77318000000000	4.13519200000000
4.13519200000000	3.77701100000000	3.43046700000000	3.08862000000000	2.75179500000000	2.42173500000000	2.10012800000000	1.78821000000000	1.48678000000000	1.19634800000000	0.917321000000000	0.650129000000000	0.395297000000000	0.153486000000000	-0.0744910000000000	-0.287689000000000	-0.485061000000000	-0.665503000000000	-0.827900000000000	-0.971168000000000	-1.09429300000000	-1.19636600000000	-1.27660500000000	-1.33438200000000	-1.36923500000000	-1.38088500000000	-1.36923500000000	-1.33438200000000	-1.27660500000000	-1.19636600000000	-1.09429300000000	-0.971168000000000	-0.827900000000000	-0.665503000000000	-0.485061000000000	-0.287689000000000	-0.0744910000000000	0.153486000000000	0.395297000000000	0.650129000000000	0.917321000000000	1.19634800000000	1.48678000000000	1.78821000000000	2.10012800000000	2.42173500000000	2.75179500000000	3.08862000000000	3.43046700000000	3.77701100000000	4.13519200000000
4.13519200000000	3.77940800000000	3.42984500000000	3.08215000000000	2.73777100000000	2.39904100000000	2.06794600000000	1.74586000000000	1.43365100000000	1.13188500000000	0.841064000000000	0.561751000000000	0.294621000000000	0.0405000000000000	-0.199627000000000	-0.424632000000000	-0.633287000000000	-0.824313000000000	-0.996435000000000	-1.14842300000000	-1.27913800000000	-1.38756500000000	-1.47283500000000	-1.53425300000000	-1.57131000000000	-1.58369700000000	-1.57131000000000	-1.53425300000000	-1.47283500000000	-1.38756500000000	-1.27913800000000	-1.14842300000000	-0.996435000000000	-0.824313000000000	-0.633287000000000	-0.424632000000000	-0.199627000000000	0.0405000000000000	0.294621000000000	0.561751000000000	0.841064000000000	1.13188500000000	1.43365100000000	1.74586000000000	2.06794600000000	2.39904100000000	2.73777100000000	3.08215000000000	3.42984500000000	3.77940800000000	4.13519200000000
4.13519200000000	3.78006500000000	3.42593000000000	3.07110600000000	2.71817300000000	2.36998300000000	2.02872200000000	1.69582000000000	1.37214200000000	1.05825400000000	0.754755000000000	0.462363000000000	0.181922000000000	-0.0855650000000000	-0.338920000000000	-0.576812000000000	-0.797805000000000	-1.00042200000000	-1.18320600000000	-1.34476300000000	-1.48381400000000	-1.59922200000000	-1.69002300000000	-1.75544400000000	-1.79492500000000	-1.80812400000000	-1.79492500000000	-1.75544400000000	-1.69002300000000	-1.59922200000000	-1.48381400000000	-1.34476300000000	-1.18320600000000	-1.00042200000000	-0.797805000000000	-0.576812000000000	-0.338920000000000	-0.0855650000000000	0.181922000000000	0.462363000000000	0.754755000000000	1.05825400000000	1.37214200000000	1.69582000000000	2.02872200000000	2.36998300000000	2.71817300000000	3.07110600000000	3.42593000000000	3.78006500000000	4.13519200000000
4.13519200000000	3.77862200000000	3.41821000000000	3.05496600000000	2.69253700000000	2.33416100000000	1.98209300000000	1.63771300000000	1.30180100000000	0.974852000000000	0.657603000000000	0.350985000000000	0.0560370000000000	-0.226049000000000	-0.493882000000000	-0.745899000000000	-0.980432000000000	-1.19577800000000	-1.39027500000000	-1.56234900000000	-1.71056200000000	-1.83364500000000	-1.93052600000000	-2.00035000000000	-2.04249700000000	-2.05658700000000	-2.04249700000000	-2.00035000000000	-1.93052600000000	-1.83364500000000	-1.71056200000000	-1.56234900000000	-1.39027500000000	-1.19577800000000	-0.980432000000000	-0.745899000000000	-0.493882000000000	-0.226049000000000	0.0560370000000000	0.350985000000000	0.657603000000000	0.974852000000000	1.30180100000000	1.63771300000000	1.98209300000000	2.33416100000000	2.69253700000000	3.05496600000000	3.41821000000000	3.77862200000000	4.13519200000000
4.13519200000000	3.77466800000000	3.40614200000000	3.03323700000000	2.66047800000000	2.29127000000000	1.92777700000000	1.57121500000000	1.22219100000000	0.880992000000000	0.548643000000000	0.226410000000000	-0.0844590000000000	-0.382583000000000	-0.666340000000000	-0.933905000000000	-1.18334400000000	-1.41270400000000	-1.62009400000000	-1.80374000000000	-1.96203300000000	-2.09355900000000	-2.19712700000000	-2.27179300000000	-2.31687000000000	-2.33194200000000	-2.31687000000000	-2.27179300000000	-2.19712700000000	-2.09355900000000	-1.96203300000000	-1.80374000000000	-1.62009400000000	-1.41270400000000	-1.18334400000000	-0.933905000000000	-0.666340000000000	-0.382583000000000	-0.0844590000000000	0.226410000000000	0.548643000000000	0.880992000000000	1.22219100000000	1.57121500000000	1.92777700000000	2.29127000000000	2.66047800000000	3.03323700000000	3.40614200000000	3.77466800000000	4.13519200000000
4.13519200000000	3.76774600000000	3.38920800000000	3.00553100000000	2.62175400000000	2.24114800000000	1.86560300000000	1.49607300000000	1.13289000000000	0.775809000000000	0.426615000000000	0.0870990000000000	-0.241341000000000	-0.557173000000000	-0.858523000000000	-1.14326600000000	-1.40916400000000	-1.65398400000000	-1.87558800000000	-2.07198400000000	-2.24137600000000	-2.38219300000000	-2.49312000000000	-2.57311300000000	-2.62141300000000	-2.63756500000000	-2.62141300000000	-2.57311300000000	-2.49312000000000	-2.38219300000000	-2.24137600000000	-2.07198400000000	-1.87558800000000	-1.65398400000000	-1.40916400000000	-1.14326600000000	-0.858523000000000	-0.557173000000000	-0.241341000000000	0.0870990000000000	0.426615000000000	0.775809000000000	1.13289000000000	1.49607300000000	1.86560300000000	2.24114800000000	2.62175400000000	3.00553100000000	3.38920800000000	3.76774600000000	4.13519200000000
4.13519200000000	3.75738300000000	3.36699300000000	2.97166800000000	2.57634700000000	2.18381100000000	1.79552400000000	1.41210000000000	1.03349300000000	0.658041000000000	0.289743000000000	-0.0689680000000000	-0.416855000000000	-0.752315000000000	-1.07317800000000	-1.37695700000000	-1.66107000000000	-1.92297900000000	-2.16027200000000	-2.37072800000000	-2.55234900000000	-2.70340000000000	-2.82242800000000	-2.90828100000000	-2.96012900000000	-2.97746700000000	-2.96012900000000	-2.90828100000000	-2.82242800000000	-2.70340000000000	-2.55234900000000	-2.37072800000000	-2.16027200000000	-1.92297900000000	-1.66107000000000	-1.37695700000000	-1.07317800000000	-0.752315000000000	-0.416855000000000	-0.0689680000000000	0.289743000000000	0.658041000000000	1.03349300000000	1.41210000000000	1.79552400000000	2.18381100000000	2.57634700000000	2.97166800000000	3.36699300000000	3.75738300000000	4.13519200000000
4.13519200000000	3.74314000000000	3.33933400000000	2.93179800000000	2.52451800000000	2.11946400000000	1.71758600000000	1.31914500000000	0.923653000000000	0.525468000000000	0.135411000000000	-0.244421000000000	-0.613822000000000	-0.971115000000000	-1.31369200000000	-1.63862200000000	-1.94293100000000	-2.22375000000000	-2.47838100000000	-2.70435400000000	-2.89946200000000	-3.06179100000000	-3.18974000000000	-3.28204700000000	-3.33779900000000	-3.35644500000000	-3.33779900000000	-3.28204700000000	-3.18974000000000	-3.06179100000000	-2.89946200000000	-2.70435400000000	-2.47838100000000	-2.22375000000000	-1.94293100000000	-1.63862200000000	-1.31369200000000	-0.971115000000000	-0.613822000000000	-0.244421000000000	0.135411000000000	0.525468000000000	0.923653000000000	1.31914500000000	1.71758600000000	2.11946400000000	2.52451800000000	2.93179800000000	3.33933400000000	3.74314000000000	4.13519200000000
4.13519200000000	3.72473400000000	3.30652900000000	2.88649600000000	2.46680500000000	2.04844700000000	1.63186400000000	1.21704200000000	0.803237000000000	0.373370000000000	-0.0400260000000000	-0.442456000000000	-0.835727000000000	-1.21743200000000	-1.58425500000000	-1.93272800000000	-2.25945900000000	-2.56122700000000	-2.83503500000000	-3.07815200000000	-3.28814500000000	-3.46291200000000	-3.60069700000000	-3.70011700000000	-3.76017100000000	-3.78025700000000	-3.76017100000000	-3.70011700000000	-3.60069700000000	-3.46291200000000	-3.28814500000000	-3.07815200000000	-2.83503500000000	-2.56122700000000	-2.25945900000000	-1.93272800000000	-1.58425500000000	-1.21743200000000	-0.835727000000000	-0.442456000000000	-0.0400260000000000	0.373370000000000	0.803237000000000	1.21704200000000	1.63186400000000	2.04844700000000	2.46680500000000	2.88649600000000	3.30652900000000	3.72473400000000	4.13519200000000
4.13519200000000	3.70238100000000	3.26956900000000	2.83675800000000	2.40394700000000	1.97113600000000	1.53832400000000	1.10551300000000	0.672702000000000	0.189997000000000	-0.239510000000000	-0.666578000000000	-1.08685600000000	-1.49606400000000	-1.89003400000000	-2.26475300000000	-2.61640500000000	-2.94140700000000	-3.23644900000000	-3.49852700000000	-3.72497100000000	-3.91347400000000	-4.06211700000000	-4.16938500000000	-4.23418600000000	-4.25586000000000	-4.23418600000000	-4.16938500000000	-4.06211700000000	-3.91347400000000	-3.72497100000000	-3.49852700000000	-3.23644900000000	-2.94140700000000	-2.61640500000000	-2.26475300000000	-1.89003400000000	-1.49606400000000	-1.08685600000000	-0.666578000000000	-0.239510000000000	0.189997000000000	0.672702000000000	1.10551300000000	1.53832400000000	1.97113600000000	2.40394700000000	2.83675800000000	3.26956900000000	3.70238100000000	4.13519200000000

y_vals
0	0	0	0	0	0	0	0	0	0	0	0	-0.0149780000000000	-0.0279400000000000	-0.0389610000000000	-0.0479310000000000	-0.0546110000000000	-0.0587160000000000	-0.0600130000000000	-0.0583910000000000	-0.0539130000000000	-0.0468130000000000	-0.0374610000000000	-0.0262880000000000	-0.0137010000000000	0	0.0137010000000000	0.0262880000000000	0.0374610000000000	0.0468130000000000	0.0539130000000000	0.0583910000000000	0.0600130000000000	0.0587160000000000	0.0546110000000000	0.0479310000000000	0.0389610000000000	0.0279400000000000	0.0149780000000000	0	0	0	0	0	0	0	0	0	0	0	0
-0.0200000000000000	-0.0642930000000000	-0.0884280000000000	-0.103556000000000	-0.112989000000000	-0.118541000000000	-0.121395000000000	-0.122381000000000	-0.122131000000000	-0.121198000000000	-0.120215000000000	-0.120252000000000	-0.125401000000000	-0.130864000000000	-0.134785000000000	-0.136442000000000	-0.135417000000000	-0.131421000000000	-0.124273000000000	-0.113932000000000	-0.100517000000000	-0.0842930000000000	-0.0656500000000000	-0.0450490000000000	-0.0229830000000000	0	0.0229830000000000	0.0450490000000000	0.0656500000000000	0.0842930000000000	0.100517000000000	0.113932000000000	0.124273000000000	0.131421000000000	0.135417000000000	0.136442000000000	0.134785000000000	0.130864000000000	0.125401000000000	0.120252000000000	0.120215000000000	0.121198000000000	0.122131000000000	0.122381000000000	0.121395000000000	0.118541000000000	0.112989000000000	0.103556000000000	0.0884280000000000	0.0642930000000000	0.0200000000000000
-0.0430000000000000	-0.127187000000000	-0.174514000000000	-0.204766000000000	-0.224121000000000	-0.235922000000000	-0.242348000000000	-0.244936000000000	-0.244840000000000	-0.243002000000000	-0.240305000000000	-0.237739000000000	-0.236616000000000	-0.235201000000000	-0.232037000000000	-0.226290000000000	-0.217470000000000	-0.205286000000000	-0.189602000000000	-0.170431000000000	-0.147941000000000	-0.122440000000000	-0.0943510000000000	-0.0641830000000000	-0.0325120000000000	0	0.0325120000000000	0.0641830000000000	0.0943510000000000	0.122440000000000	0.147941000000000	0.170431000000000	0.189602000000000	0.205286000000000	0.217470000000000	0.226290000000000	0.232037000000000	0.235201000000000	0.236616000000000	0.237739000000000	0.240305000000000	0.243002000000000	0.244840000000000	0.244936000000000	0.242348000000000	0.235922000000000	0.224121000000000	0.204766000000000	0.174514000000000	0.127187000000000	0.0430000000000000
-0.0694500000000000	-0.189975000000000	-0.259484000000000	-0.304704000000000	-0.334260000000000	-0.352798000000000	-0.363340000000000	-0.368022000000000	-0.368430000000000	-0.365804000000000	-0.361164000000000	-0.355366000000000	-0.348959000000000	-0.341179000000000	-0.331054000000000	-0.317867000000000	-0.301160000000000	-0.280674000000000	-0.256318000000000	-0.228161000000000	-0.196419000000000	-0.161447000000000	-0.123715000000000	-0.0837870000000000	-0.0423060000000000	0	0.0423060000000000	0.0837870000000000	0.123715000000000	0.161447000000000	0.196419000000000	0.228161000000000	0.256318000000000	0.280674000000000	0.301160000000000	0.317867000000000	0.331054000000000	0.341179000000000	0.348959000000000	0.355366000000000	0.361164000000000	0.365804000000000	0.368430000000000	0.368022000000000	0.363340000000000	0.352798000000000	0.334260000000000	0.304704000000000	0.259484000000000	0.189975000000000	0.0694500000000000
-0.0998670000000000	-0.253788000000000	-0.344478000000000	-0.404404000000000	-0.444287000000000	-0.469882000000000	-0.484933000000000	-0.492085000000000	-0.493288000000000	-0.490020000000000	-0.483410000000000	-0.474264000000000	-0.462951000000000	-0.449115000000000	-0.432146000000000	-0.411504000000000	-0.386820000000000	-0.357898000000000	-0.324707000000000	-0.287372000000000	-0.246166000000000	-0.201495000000000	-0.153882000000000	-0.103947000000000	-0.0523930000000000	0	0.0523930000000000	0.103947000000000	0.153882000000000	0.201495000000000	0.246166000000000	0.287372000000000	0.324707000000000	0.357898000000000	0.386820000000000	0.411504000000000	0.432146000000000	0.449115000000000	0.462951000000000	0.474264000000000	0.483410000000000	0.490020000000000	0.493288000000000	0.492085000000000	0.484933000000000	0.469882000000000	0.444287000000000	0.404404000000000	0.344478000000000	0.253788000000000	0.0998670000000000
-0.134848000000000	-0.319665000000000	-0.430574000000000	-0.504875000000000	-0.555088000000000	-0.587925000000000	-0.607748000000000	-0.617640000000000	-0.619858000000000	-0.616085000000000	-0.607553000000000	-0.595083000000000	-0.579052000000000	-0.559346000000000	-0.535614000000000	-0.507496000000000	-0.474742000000000	-0.437239000000000	-0.395027000000000	-0.348298000000000	-0.297385000000000	-0.242751000000000	-0.184977000000000	-0.124742000000000	-0.0628070000000000	0	0.0628070000000000	0.124742000000000	0.184977000000000	0.242751000000000	0.297385000000000	0.348298000000000	0.395027000000000	0.437239000000000	0.474742000000000	0.507496000000000	0.535614000000000	0.559346000000000	0.579052000000000	0.595083000000000	0.607553000000000	0.616085000000000	0.619858000000000	0.617640000000000	0.607748000000000	0.587925000000000	0.555088000000000	0.504875000000000	0.430574000000000	0.319665000000000	0.134848000000000
-0.175075000000000	-0.388604000000000	-0.518815000000000	-0.607112000000000	-0.667561000000000	-0.707706000000000	-0.732448000000000	-0.745245000000000	-0.748626000000000	-0.744450000000000	-0.734052000000000	-0.718310000000000	-0.697673000000000	-0.672203000000000	-0.641751000000000	-0.606125000000000	-0.565198000000000	-0.518957000000000	-0.467523000000000	-0.411159000000000	-0.350266000000000	-0.285372000000000	-0.217120000000000	-0.146250000000000	-0.0735830000000000	0	0.0735830000000000	0.146250000000000	0.217120000000000	0.285372000000000	0.350266000000000	0.411159000000000	0.467523000000000	0.518957000000000	0.565198000000000	0.606125000000000	0.641751000000000	0.672203000000000	0.697673000000000	0.718310000000000	0.734052000000000	0.744450000000000	0.748626000000000	0.745245000000000	0.732448000000000	0.707706000000000	0.667561000000000	0.607112000000000	0.518815000000000	0.388604000000000	0.175075000000000
-0.221336000000000	-0.461610000000000	-0.610245000000000	-0.712113000000000	-0.782620000000000	-0.830033000000000	-0.859729000000000	-0.875501000000000	-0.880112000000000	-0.875584000000000	-0.863354000000000	-0.844379000000000	-0.819196000000000	-0.788016000000000	-0.750853000000000	-0.707667000000000	-0.658454000000000	-0.603304000000000	-0.542427000000000	-0.476166000000000	-0.404994000000000	-0.329512000000000	-0.250428000000000	-0.168549000000000	-0.0847600000000000	0	0.0847600000000000	0.168549000000000	0.250428000000000	0.329512000000000	0.404994000000000	0.476166000000000	0.542427000000000	0.603304000000000	0.658454000000000	0.707667000000000	0.750853000000000	0.788016000000000	0.819196000000000	0.844379000000000	0.863354000000000	0.875584000000000	0.880112000000000	0.875501000000000	0.859729000000000	0.830033000000000	0.782620000000000	0.712113000000000	0.610245000000000	0.461610000000000	0.221336000000000
-0.274536000000000	-0.539723000000000	-0.705925000000000	-0.820896000000000	-0.901198000000000	-0.955738000000000	-0.990317000000000	-1.00903200000000	-1.01486200000000	-1.00997400000000	-0.995909000000000	-0.973706000000000	-0.943998000000000	-0.907119000000000	-0.863223000000000	-0.812403000000000	-0.754774000000000	-0.690530000000000	-0.619972000000000	-0.543529000000000	-0.461754000000000	-0.375321000000000	-0.285016000000000	-0.191716000000000	-0.0963750000000000	0	0.0963750000000000	0.191716000000000	0.285016000000000	0.375321000000000	0.461754000000000	0.543529000000000	0.619972000000000	0.690530000000000	0.754774000000000	0.812403000000000	0.863223000000000	0.907119000000000	0.943998000000000	0.973706000000000	0.995909000000000	1.00997400000000	1.01486200000000	1.00903200000000	0.990317000000000	0.955738000000000	0.901198000000000	0.820896000000000	0.705925000000000	0.539723000000000	0.274536000000000
-0.335717000000000	-0.624054000000000	-0.806964000000000	-0.934516000000000	-1.02426000000000	-1.08567700000000	-1.12496100000000	-1.14649000000000	-1.15344200000000	-1.14812300000000	-1.13217200000000	-1.10671100000000	-1.07246000000000	-1.02985800000000	-0.979179000000000	-0.920631000000000	-0.854438000000000	-0.780896000000000	-0.700400000000000	-0.613466000000000	-0.520733000000000	-0.422957000000000	-0.321005000000000	-0.215832000000000	-0.108470000000000	0	0.108470000000000	0.215832000000000	0.321005000000000	0.422957000000000	0.520733000000000	0.613466000000000	0.700400000000000	0.780896000000000	0.854438000000000	0.920631000000000	0.979179000000000	1.02985800000000	1.07246000000000	1.10671100000000	1.13217200000000	1.14812300000000	1.15344200000000	1.14649000000000	1.12496100000000	1.08567700000000	1.02426000000000	0.934516000000000	0.806964000000000	0.624054000000000	0.335717000000000
-0.406074000000000	-0.715811000000000	-0.914542000000000	-1.05407700000000	-1.15280500000000	-1.22073400000000	-1.26442900000000	-1.28853700000000	-1.29642900000000	-1.29054200000000	-1.27260700000000	-1.24381800000000	-1.20497200000000	-1.15659600000000	-1.09905800000000	-1.03266500000000	-0.957741000000000	-0.874677000000000	-0.783963000000000	-0.686204000000000	-0.582129000000000	-0.472583000000000	-0.358520000000000	-0.240982000000000	-0.121087000000000	0	0.121087000000000	0.240982000000000	0.358520000000000	0.472583000000000	0.582129000000000	0.686204000000000	0.783963000000000	0.874677000000000	0.957741000000000	1.03266500000000	1.09905800000000	1.15659600000000	1.20497200000000	1.24381800000000	1.27260700000000	1.29054200000000	1.29642900000000	1.28853700000000	1.26442900000000	1.22073400000000	1.15280500000000	1.05407700000000	0.914542000000000	0.715811000000000	0.406074000000000
-0.486986000000000	-0.816331000000000	-1.02992900000000	-1.18074500000000	-1.28787400000000	-1.36181600000000	-1.40950000000000	-1.43584500000000	-1.44440800000000	-1.43775100000000	-1.41768500000000	-1.38546400000000	-1.34194500000000	-1.28771600000000	-1.22322000000000	-1.14884700000000	-1.06500600000000	-0.972176000000000	-0.870938000000000	-0.761990000000000	-0.646156000000000	-0.524375000000000	-0.397696000000000	-0.267257000000000	-0.134272000000000	0	0.134272000000000	0.267257000000000	0.397696000000000	0.524375000000000	0.646156000000000	0.761990000000000	0.870938000000000	0.972176000000000	1.06500600000000	1.14884700000000	1.22322000000000	1.28771600000000	1.34194500000000	1.38546400000000	1.41768500000000	1.43775100000000	1.44440800000000	1.43584500000000	1.40950000000000	1.36181600000000	1.28787400000000	1.18074500000000	1.02992900000000	0.816331000000000	0.486986000000000
-0.580033000000000	-0.927107000000000	-1.15450900000000	-1.31576000000000	-1.43054400000000	-1.50984000000000	-1.56095300000000	-1.58907700000000	-1.59795600000000	-1.59026400000000	-1.56788000000000	-1.53209700000000	-1.48380300000000	-1.42362700000000	-1.35206100000000	-1.26955500000000	-1.17658900000000	-1.07372500000000	-0.961630000000000	-0.841099000000000	-0.713051000000000	-0.578528000000000	-0.438683000000000	-0.294759000000000	-0.148076000000000	0	0.148076000000000	0.294759000000000	0.438683000000000	0.578528000000000	0.713051000000000	0.841099000000000	0.961630000000000	1.07372500000000	1.17658900000000	1.26955500000000	1.35206100000000	1.42362700000000	1.48380300000000	1.53209700000000	1.56788000000000	1.59026400000000	1.59795600000000	1.58907700000000	1.56095300000000	1.50984000000000	1.43054400000000	1.31576000000000	1.15450900000000	0.927107000000000	0.580033000000000
-0.687038000000000	-1.04981800000000	-1.28979200000000	-1.46043200000000	-1.58192200000000	-1.66572600000000	-1.71954900000000	-1.74887400000000	-1.75762800000000	-1.74858500000000	-1.72366600000000	-1.68417300000000	-1.63099700000000	-1.56477200000000	-1.48601100000000	-1.39520500000000	-1.29289100000000	-1.17970000000000	-1.05638600000000	-0.923838000000000	-0.783079000000000	-0.635261000000000	-0.481648000000000	-0.323601000000000	-0.162557000000000	0	0.162557000000000	0.323601000000000	0.481648000000000	0.635261000000000	0.783079000000000	0.923838000000000	1.05638600000000	1.17970000000000	1.29289100000000	1.39520500000000	1.48601100000000	1.56477200000000	1.63099700000000	1.68417300000000	1.72366600000000	1.74858500000000	1.75762800000000	1.74887400000000	1.71954900000000	1.66572600000000	1.58192200000000	1.46043200000000	1.28979200000000	1.04981800000000	0.687038000000000
-0.810094000000000	-1.18635800000000	-1.43742700000000	-1.61614300000000	-1.74312600000000	-1.83036600000000	-1.88600500000000	-1.91583000000000	-1.92394400000000	-1.91319600000000	-1.88551000000000	-1.84216300000000	-1.78400200000000	-1.71163100000000	-1.62555300000000	-1.52627200000000	-1.41436600000000	-1.29053000000000	-1.15559900000000	-1.01056000000000	-0.856545000000000	-0.694823000000000	-0.526782000000000	-0.353912000000000	-0.177779000000000	0	0.177779000000000	0.353912000000000	0.526782000000000	0.694823000000000	0.856545000000000	1.01056000000000	1.15559900000000	1.29053000000000	1.41436600000000	1.52627200000000	1.62555300000000	1.71163100000000	1.78400200000000	1.84216300000000	1.88551000000000	1.91319600000000	1.92394400000000	1.91583000000000	1.88600500000000	1.83036600000000	1.74312600000000	1.61614300000000	1.43742700000000	1.18635800000000	0.810094000000000
-0.951608000000000	-1.33885800000000	-1.59919900000000	-1.78431200000000	-1.91524600000000	-2.00458600000000	-2.06095800000000	-2.09046500000000	-2.09736500000000	-2.08454000000000	-2.05387200000000	-2.00655000000000	-1.94333000000000	-1.86473900000000	-1.77123100000000	-1.66329800000000	-1.54154100000000	-1.40671200000000	-1.25972700000000	-1.10167300000000	-0.933799000000000	-0.757502000000000	-0.574306000000000	-0.385841000000000	-0.193817000000000	0	0.193817000000000	0.385841000000000	0.574306000000000	0.757502000000000	0.933799000000000	1.10167300000000	1.25972700000000	1.40671200000000	1.54154100000000	1.66329800000000	1.77123100000000	1.86473900000000	1.94333000000000	2.00655000000000	2.05387200000000	2.08454000000000	2.09736500000000	2.09046500000000	2.06095800000000	2.00458600000000	1.91524600000000	1.78431200000000	1.59919900000000	1.33885800000000	0.951608000000000
-1.11434900000000	-1.50970900000000	-1.77701300000000	-1.96635700000000	-2.09928800000000	-2.18908600000000	-2.24491700000000	-2.27318900000000	-2.27827200000000	-2.26301900000000	-2.22919800000000	-2.17784200000000	-2.10954700000000	-2.02470400000000	-1.92367600000000	-1.80691500000000	-1.67503300000000	-1.52882900000000	-1.36930500000000	-1.19765400000000	-1.01525300000000	-0.823635000000000	-0.624476000000000	-0.419560000000000	-0.210759000000000	0	0.210759000000000	0.419560000000000	0.624476000000000	0.823635000000000	1.01525300000000	1.19765400000000	1.36930500000000	1.52882900000000	1.67503300000000	1.80691500000000	1.92367600000000	2.02470400000000	2.10954700000000	2.17784200000000	2.22919800000000	2.26301900000000	2.27827200000000	2.27318900000000	2.24491700000000	2.18908600000000	2.09928800000000	1.96635700000000	1.77701300000000	1.50970900000000	1.11434900000000
-1.30150200000000	-1.70156300000000	-1.97283600000000	-2.16360600000000	-2.29607800000000	-2.38436700000000	-2.43820300000000	-2.46426000000000	-2.46694000000000	-2.44897700000000	-2.41193200000000	-2.35658800000000	-2.28329200000000	-2.19223100000000	-2.08363000000000	-1.95787500000000	-1.81557300000000	-1.65757400000000	-1.48496900000000	-1.29906900000000	-1.10138800000000	-0.893617000000000	-0.677592000000000	-0.455273000000000	-0.228706000000000	0	0.228706000000000	0.455273000000000	0.677592000000000	0.893617000000000	1.10138800000000	1.29906900000000	1.48496900000000	1.65757400000000	1.81557300000000	1.95787500000000	2.08363000000000	2.19223100000000	2.28329200000000	2.35658800000000	2.41193200000000	2.44897700000000	2.46694000000000	2.46426000000000	2.43820300000000	2.38436700000000	2.29607800000000	2.16360600000000	1.97283600000000	1.70156300000000	1.30150200000000
-1.51672700000000	-1.91730000000000	-2.18859600000000	-2.37716000000000	-2.50614400000000	-2.59062700000000	-2.64088200000000	-2.66374100000000	-2.66352000000000	-2.64270500000000	-2.60252900000000	-2.54340600000000	-2.46532200000000	-2.36817400000000	-2.25199700000000	-2.11708700000000	-1.96404500000000	-1.79377800000000	-1.60747700000000	-1.40658800000000	-1.19278000000000	-0.967914000000000	-0.734011000000000	-0.493218000000000	-0.247779000000000	0	0.247779000000000	0.493218000000000	0.734011000000000	0.967914000000000	1.19278000000000	1.40658800000000	1.60747700000000	1.79377800000000	1.96404500000000	2.11708700000000	2.25199700000000	2.36817400000000	2.46532200000000	2.54340600000000	2.60252900000000	2.64270500000000	2.66352000000000	2.66374100000000	2.64088200000000	2.59062700000000	2.50614400000000	2.37716000000000	2.18859600000000	1.91730000000000	1.51672700000000
-1.76423600000000	-2.15994900000000	-2.42599500000000	-2.60769000000000	-2.72954000000000	-2.80765000000000	-2.85269300000000	-2.87147100000000	-2.86803000000000	-2.84445000000000	-2.80149300000000	-2.73904300000000	-2.65657700000000	-2.55359600000000	-2.42989600000000	-2.28567100000000	-2.12152800000000	-1.93844700000000	-1.73774200000000	-1.52101500000000	-1.29011200000000	-1.04708300000000	-0.794153000000000	-0.533679000000000	-0.268119000000000	0	0.268119000000000	0.533679000000000	0.794153000000000	1.04708300000000	1.29011200000000	1.52101500000000	1.73774200000000	1.93844700000000	2.12152800000000	2.28567100000000	2.42989600000000	2.55359600000000	2.65657700000000	2.73904300000000	2.80149300000000	2.84445000000000	2.86803000000000	2.87147100000000	2.85269300000000	2.80765000000000	2.72954000000000	2.60769000000000	2.42599500000000	2.15994900000000	1.76423600000000
-2.04887200000000	-2.43249700000000	-2.68618800000000	-2.85514700000000	-2.96565500000000	-3.03469600000000	-3.07300000000000	-3.08703800000000	-3.08036400000000	-3.05445200000000	-3.00944500000000	-2.94447300000000	-2.85828600000000	-2.74987100000000	-2.61874800000000	-2.46502800000000	-2.28935100000000	-2.09280900000000	-1.87687100000000	-1.64332000000000	-1.39420400000000	-1.13178900000000	-0.858522000000000	-0.576993000000000	-0.289897000000000	0	0.289897000000000	0.576993000000000	0.858522000000000	1.13178900000000	1.39420400000000	1.64332000000000	1.87687100000000	2.09280900000000	2.28935100000000	2.46502800000000	2.61874800000000	2.74987100000000	2.85828600000000	2.94447300000000	3.00944500000000	3.05445200000000	3.08036400000000	3.08703800000000	3.07300000000000	3.03469600000000	2.96565500000000	2.85514700000000	2.68618800000000	2.43249700000000	2.04887200000000
-2.37620200000000	-2.73751800000000	-2.96929100000000	-3.11840200000000	-3.21303200000000	-3.27042500000000	-3.30076900000000	-3.30979800000000	-3.30032900000000	-3.27301000000000	-3.22725400000000	-3.16106500000000	-3.07213800000000	-2.95882400000000	-2.82038900000000	-2.65692200000000	-2.46916300000000	-2.25836900000000	-2.02620400000000	-1.77466900000000	-1.50604000000000	-1.22282500000000	-0.927718000000000	-0.623563000000000	-0.313314000000000	0	0.313314000000000	0.623563000000000	0.927718000000000	1.22282500000000	1.50604000000000	1.77466900000000	2.02620400000000	2.25836900000000	2.46916300000000	2.65692200000000	2.82038900000000	2.95882400000000	3.07213800000000	3.16106500000000	3.22725400000000	3.27301000000000	3.30032900000000	3.30979800000000	3.30076900000000	3.27042500000000	3.21303200000000	3.11840200000000	2.96929100000000	2.73751800000000	2.37620200000000
-2.75263300000000	-3.07645300000000	-3.27366000000000	-3.39488900000000	-3.46925500000000	-3.51290300000000	-3.53460600000000	-3.53892200000000	-3.52772500000000	-3.50060100000000	-3.45629200000000	-3.39088500000000	-3.30053100000000	-3.18291800000000	-3.03719900000000	-2.86357900000000	-2.66300500000000	-2.43696500000000	-2.18736900000000	-1.91647000000000	-1.62680400000000	-1.32114500000000	-1.00245900000000	-0.673868000000000	-0.338611000000000	0	0.338611000000000	0.673868000000000	1.00245900000000	1.32114500000000	1.62680400000000	1.91647000000000	2.18736900000000	2.43696500000000	2.66300500000000	2.86357900000000	3.03719900000000	3.18291800000000	3.30053100000000	3.39088500000000	3.45629200000000	3.50060100000000	3.52772500000000	3.53892200000000	3.53460600000000	3.51290300000000	3.46925500000000	3.39488900000000	3.27366000000000	3.07645300000000	2.75263300000000
-3.18552800000000	-3.44823500000000	-3.59501600000000	-3.68041500000000	-3.73103200000000	-3.75972000000000	-3.77286800000000	-3.77349700000000	-3.76248000000000	-3.73809000000000	-3.69896200000000	-3.63721700000000	-3.54692800000000	-3.42546800000000	-3.27223700000000	-3.08778500000000	-2.87338700000000	-2.63083600000000	-2.36233500000000	-2.07042100000000	-1.75791800000000	-1.42789200000000	-1.08360600000000	-0.728486000000000	-0.366076000000000	0	0.366076000000000	0.728486000000000	1.08360600000000	1.42789200000000	1.75791800000000	2.07042100000000	2.36233500000000	2.63083600000000	2.87338700000000	3.08778500000000	3.27223700000000	3.42546800000000	3.54692800000000	3.63721700000000	3.69896200000000	3.73809000000000	3.76248000000000	3.77349700000000	3.77286800000000	3.75972000000000	3.73103200000000	3.68041500000000	3.59501600000000	3.44823500000000	3.18552800000000
-3.68335700000000	-3.84666100000000	-3.92580100000000	-3.96941800000000	-3.99452000000000	-4.00823000000000	-4.01382300000000	-4.01267600000000	-4.00486600000000	-3.98716600000000	-3.95992900000000	-3.90536500000000	-3.81621500000000	-3.69080100000000	-3.52934400000000	-3.33296400000000	-3.10336400000000	-2.84269300000000	-2.55347600000000	-2.23856400000000	-1.90109200000000	-1.54444000000000	-1.17219500000000	-0.788107000000000	-0.396055000000000	0	0.396055000000000	0.788107000000000	1.17219500000000	1.54444000000000	1.90109200000000	2.23856400000000	2.55347600000000	2.84269300000000	3.10336400000000	3.33296400000000	3.52934400000000	3.69080100000000	3.81621500000000	3.90536500000000	3.95992900000000	3.98716600000000	4.00486600000000	4.01267600000000	4.01382300000000	4.00823000000000	3.99452000000000	3.96941800000000	3.92580100000000	3.84666100000000	3.68335700000000
-4.25586000000000	-4.25586000000000	-4.25586000000000	-4.25586000000000	-4.25586000000000	-4.25586000000000	-4.25586000000000	-4.25586000000000	-4.25586000000000	-4.25161700000000	-4.24911500000000	-4.20333500000000	-4.11474100000000	-3.98423600000000	-3.81315100000000	-3.60322600000000	-3.35660200000000	-3.07578800000000	-2.76364700000000	-2.42335600000000	-2.05838200000000	-1.67244300000000	-1.26946900000000	-0.853565000000000	-0.428967000000000	0	0.428967000000000	0.853565000000000	1.26946900000000	1.67244300000000	2.05838200000000	2.42335600000000	2.76364700000000	3.07578800000000	3.35660200000000	3.60322600000000	3.81315100000000	3.98423600000000	4.11474100000000	4.20333500000000	4.24911500000000	4.25161700000000	4.25586000000000	4.25586000000000	4.25586000000000	4.25586000000000	4.25586000000000	4.25586000000000	4.25586000000000	4.25586000000000	4.25586000000000